WEEK_DATA
n005w2

REQUIREMENTS
Early HeadNurse (0,1) (0,0) (0,0) (0,0) (0,0) (0,1) (1,1)
Early Nurse 	(0,0) (0,1) (0,0) (0,0) (0,0) (0,0) (0,1)
Early Caretaker (0,0) (0,0) (1,1) (0,1) (0,0) (0,0) (0,0)
Early Trainee 	(0,0) (0,0) (1,1) (0,0) (0,1) (0,1) (0,0)
Day HeadNurse 	(0,0) (1,1) (0,0) (0,0) (0,0) (0,0) (0,0)
Day Nurse 	(1,1) (0,0) (0,0) (0,0) (0,0) (0,0) (1,1)
Day Caretaker 	(0,0) (0,0) (0,1) (1,1) (0,1) (1,1) (0,1)
Day Trainee 	(0,0) (0,1) (0,0) (0,0) (0,1) (0,0) (0,1)
Late HeadNurse 	(0,0) (0,0) (1,1) (1,1) (0,0) (0,0) (0,0)
Late Nurse 	(0,0) (0,0) (1,1) (0,0) (0,0) (0,0) (0,0)
Late Caretaker 	(0,1) (1,1) (0,0) (0,1) (1,1) (1,1) (0,1)
Late Trainee 	(0,0) (0,0) (0,0) (0,0) (0,0) (0,0) (1,1)
Night HeadNurse (0,0) (0,0) (0,0) (0,0) (1,1) (0,0) (0,0)
Night Nurse 	(0,0) (0,0) (0,0) (1,1) (0,1) (0,1) (0,0)
Night Caretaker (1,1) (1,1) (0,0) (0,0) (0,0) (0,0) (0,1)
Night Trainee 	(0,1) (0,0) (0,0) (1,1) (0,0) (0,0) (0,1)

SHIFT_OFF_REQUESTS = 2
HN_0 Night Sun 
NU_1 Any Mon 
 
